19
-14
-56
-93
-93
59
-16
43
-67
12
-97
94
23
-95
24
-97
-84
-81
72
15
66
-66
44
83
-33
68
-55
46
30
81
-46
78
-12
-39
33
-76
-7
21
39
-73
11
80
33
49
55
50
68
-94
69
-33
-22
80
13
-21
66
-51
61
-12
-90
-12
9
-31
-34
29
-34
-45
-84
70
85
16
0
47
-77
-40
-23
85
40
38
69
-22
-59
34
-50
-8
32
84
57
89
-31
59
-74
-34
-15
27
-42
-86
-67
46
-79
91
-42
52
21
-50
-30
-54
23
24
-47
96
62
58
-73
13
-35
-89
-77
61
12
84
17
-25
19
55
-47
-8
12
-1
-51
33
73
-88
78
-6
61
-90
-93
52
-55
80
-24
61
0
13
-18
78
44
7
14
-69
92
48
29
-15
-37
-14
68
48
31
-65
-66
-31
-44
-88
-41
85
-16
-23
-92
16
1
-69
-100
78
-24
-94
11
-18
70
17
26
-23
45
72
1
39
76
19
78
-15
-74
-84
29
77
84
-78
-99
-13
-42
-35
-100
98
70
2
-76
57
78
85
-66
79
-13
53
76
-66
54
-95
-40
-83
-39
66
-93
89
-27
-7
-35
-88
80
30
-47
-8
16
-4
-51
25
-81
13
-27
-20
15
33
-4
31
36
-29
-24
-79
0
48
43
21
1
-28
-27
-91
-11
99
51
96
-4
-5
-63
-43
-18
77
68
-96
42
11
53
43
49
-64
41
51
32
68
-88
-86
-19
-86
46
53
21
32
-29
-12
71
54
48
59
-68
34
3
86
98
24
56
-21
-49
-38
-36
75
-14
-40
13
60
42
81
24
60
75
15
-65
17
88
-50
-29
-14
19
-62
64
-96
-89
-93
-73
11
95
-38
31
39
-70
-20
27
-30
-45
-20
-63
48
58
-48
-58
31
82
3
-77
-31
50
-79
-30
-46
-16
52
-84
-94
8
99
84
-34
-84
97
-63
25
-39
12
-23
12
-21
-11
62
-14
17
-31
-26
96
6
6
-16
-67
-96
39
54
52
7
-17
-4
14
20
45
-36
-41
-91
-33
40
-5
-94
56
-71
-13
84
44
-8
-52
34
49
84
-46
-67
48
-24
-53
-72
-76
18
-47
-82
-60
-25
-79
27
-83
-84
-75
-40
46
-15
47
34
18
55
25
-78
-9
-33
6
5
-11
-79
-62
-90
-27
-13
96
46
90
91
-39
53
23
26
65
-90
85
56
-62
89
-24
89
57
45
37
-68
5
91
73
5
-38
-24
74
-7
52
-22
74
-77
-66
-73
62
60
65
87
-11
91
-4
27
94
23
-28
-80
-5
-14
85
-19
80
2
76
82
13
-13
74
-75
-29
-36
-2
81
43
47
-73
91
-55
-45
11
22
0
-90
52
41
-83
-92
12
-88
-44
-22
-67
-85
17
-59
-73
49
81
60
-60
-93
29
-81
28
-49
44
4
3
69
80
-79
1
-52
-50
63
-64
-70
72
10
55
-41
-99
17
-72
41
2
-42
-16
36
76
0
-65
75
-83
53
3
-70
-8
95
46
82
0
-10
20
94
67
-48
-40
100
-92
32
20
-80
-8
-23
-2
11
-19
-15
65
5
-37
42
42
81
51
-94
-7
54
51
-35
-63
-42
-72
81
7
46
-88
-92
-40
77
98
95
-17
33
-45
-19
54
45
-70
-52
70
56
-44
-87
-49
-25
54
-96
94
50
-5
-2
-86
18
-60
4
-38
-59
-43
90
29
2
-1
-88
78
12
56
-62
93
-73
37
-54
87
83
-54
4
-12
26
93
22
99
73
99
-28
-64
2
30
-57
22
-8
-3
86
98
-100
-22
-62
49
-63
17
-64
45
45
-34
43
-29
-89
13
-60
8
0
-32
-77
-47
12
78
22
98
75
98
-48
22
100
-35
31
85
-75
96
-46
39
85
62
-94
-20
-51
49
-41
27
-9
-84
-24
25
-8
35
-98
-7
90
1
-14
39
70
37
67
-94
-74
60
12
48
-70
-100
29
-48
-14
-5
-27
-7
-28
-40
-69
58
30
2
-33
-6
1
86
73
25
-89
-11
29
41
90
-30
-47
46
96
98
17
56
0
-99
87
-55
100
-86
-40
6
-68
-100
12
-46
72
60
-19
-73
-4
-30
-22
-66
74
-58
24
63
12
-43
-94
88
-68
92
-26
63
-52
33
-99
-13
-43
-96
-73
-49
-22
69
-91
95
76
-49
-78
-57
-30
9
12
-79
69
-89
69
34
22
10
-56
62
76
81
65
-16
67
-76
84
-34
36
-6
93
-52
-41
-70
2
2
-94
-73
-44
-76
-20
-90
54
-73
-92
-24
-62
2
-10
-60
100
-49
79
54
8
94
-20
49
-13
90
-18
33
-72
24
-14
-34
-90
-54
61
6
-58
18
-63
-76
12
33
41
5
79
-15
-66
-32
0
3
2
-4
-78
57
20
-23
-33
-16
26
0
-25
71
-17
15
8
34
80
22
6
80
64
-42
-48
15
51
39
97
-67
-38
-60
-14
-20
-36
35
-89
-23
92
40
-61
-22
-87
-75
-91
-32
-24
41
28
-1
44
-84
26
52
51
76
-69
-60
5
67
-14
12
-61
16
90
86
-100
75
37
-71
9
-44
37
95
56
29
48
-74
-85
-99
-38
1
-31
44
7
84
11
-73
2
40
67
39
-6
-11
-17
-12
-33
-26
-10
41
-8
13
-21
-37
-83
89
-99
a
a